[SPID]
P=-0.25
I=0
D=-0.050000000000000003

[SinePID]
P=-0.25
I=0
D=-0.10000000000000001
